k_b_1 = 0.06448880796520952
k_b_2 = 0.0632864165712976


5kali